Tables 3-5 from Ma et al. 1998, AJ 116, 516 ("The International Celestial
Reference Frame as Realized by Very Long Baseline Interferometry"):

TABLE 3: COORDINATES OF THE 212 DEFINING SOURCES IN THE ICRF

DESIGNATION	  SOURCE    alpha (J2000.0)  delta (J2000.0) err_RA    err_Dec
							     s         arcsec

J000557.1+382015  0003+380  00 05 57.175409  38 20 15.14857  0.000041  0.00051
J001031.0+105829  0007+106  00 10 31.005888  10 58 29.50412  0.000032  0.00068
J001033.9+172418  0007+171  00 10 33.990619  17 24 18.76135  0.000021  0.00035
J001331.1+405137  0010+405  00 13 31.130213  40 51 37.14407  0.000026  0.00034
J001708.4+813508  0014+813  00 17 08.474953  81 35 08.13633  0.000121  0.00026
J004204.5+232001  0039+230  00 42 04.545183  23 20 01.06129  0.000036  0.00060
J004959.4-573827  0047-579  00 49 59.473091 -57 38 27.33992  0.000047  0.00053
J011205.8+224438  0109+224  01 12 05.824718  22 44 38.78619  0.000027  0.00049
J012642.7+255901  0123+257  01 26 42.792631  25 59 01.30079  0.000030  0.00054
J013305.7-520003  0131-522  01 33 05.762585 -52 00 03.94693  0.000049  0.00081
J013658.5+475129  0133+476  01 36 58.594810  47 51 29.10006  0.000026  0.00027
J013738.3-243053  0135-247  01 37 38.346378 -24 30 53.88526  0.000055  0.00042
J014125.8-092843  0138-097  01 41 25.832025 -09 28 43.67381  0.000081  0.00088
J015127.1+274441  0148+274  01 51 27.146149  27 44 41.79365  0.000031  0.00043
J015218.0+220707  0149+218  01 52 18.059047  22 07 07.70004  0.000020  0.00029
J015734.9+744243  0153+744  01 57 34.964908  74 42 43.22998  0.000091  0.00031
J020333.3+723253  0159+723  02 03 33.385004  72 32 53.66741  0.000072  0.00031
J020504.9+321230  0202+319  02 05 04.925371  32 12 30.09560  0.000022  0.00030
J021748.9+014449  0215+015  02 17 48.954740  01 44 49.69909  0.000022  0.00039
J022239.6+430207  0219+428  02 22 39.611500  43 02 07.79884  0.000034  0.00043
J022256.4-344128  0220-349  02 22 56.401625 -34 41 28.73011  0.000050  0.00044
J022850.0+672103  0224+671  02 28 50.051459  67 21 03.02926  0.000052  0.00031
J022934.9-784745  0230-790  02 29 34.946647 -78 47 45.60129  0.000149  0.00049
J023838.9+163659  0235+164  02 38 38.930108  16 36 59.27471  0.000018  0.00027
J024229.1+110100  0239+108  02 42 29.170847  11 01 00.72823  0.000018  0.00030
J025134.5+431515  0248+430  02 51 34.536779  43 15 15.82858  0.000027  0.00033
J025927.0+074739  0256+075  02 59 27.076633  07 47 39.64323  0.000021  0.00035
J030350.6-621125  0302-623  03 03 50.631333 -62 11 25.54983  0.000047  0.00033
J030903.6+102916  0306+102  03 09 03.623523  10 29 16.34082  0.000023  0.00042
J030956.0-605839  0308-611  03 09 56.099167 -60 58 39.05628  0.000038  0.00029
J031301.9+412001  0309+411  03 13 01.962129  41 20 01.18353  0.000026  0.00031
J034506.4+145349  0342+147  03 45 06.416546  14 53 49.55818  0.000021  0.00032
J040305.5+260001  0400+258  04 03 05.586048  26 00 01.50274  0.000020  0.00030
J040922.0+121739  0406+121  04 09 22.008740  12 17 39.84750  0.000021  0.00033
J041636.5-185108  0414-189  04 16 36.544466 -18 51 08.34012  0.000051  0.00048
J042442.2-375620  0422-380  04 24 42.243727 -37 56 20.78423  0.000033  0.00119
J042446.8+003606  0422+004  04 24 46.842052  00 36 06.32983  0.000020  0.00063
J042636.6+051819  0423+051  04 26 36.604102  05 18 19.87204  0.000031  0.00087
J042840.4-375619  0426-380  04 28 40.424306 -37 56 19.58031  0.000036  0.00047
J043900.8-452222  0437-454  04 39 00.854714 -45 22 22.56260  0.000057  0.00078
J044238.6-001743  0440-003  04 42 38.660762 -00 17 43.41910  0.000025  0.00064
J044907.6+112128  0446+112  04 49 07.671119  11 21 28.59662  0.000024  0.00051
J045005.4-810102  0454-810  04 50 05.440195 -81 01 02.23146  0.000137  0.00032
J045952.0+022931  0457+024  04 59 52.050664  02 29 31.17631  0.000019  0.00032
J050145.2+135607  0458+138  05 01 45.270840  13 56 07.22063  0.000037  0.00064
J050523.1+045942  0502+049  05 05 23.184723  04 59 42.72448  0.000037  0.00060
J050643.9-610940  0506-612  05 06 43.988739 -61 09 40.99328  0.000047  0.00035
J050842.3+843204  0454+844  05 08 42.363503  84 32 04.54402  0.000194  0.00028
J051002.3+180041  0507+179  05 10 02.369122  18 00 41.58171  0.000020  0.00030
J051644.9-620705  0516-621  05 16 44.926178 -62 07 05.38930  0.000048  0.00042
J052109.8+163822  0518+165  05 21 09.886021  16 38 22.05122  0.000048  0.00101
J052257.9-362730  0521-365  05 22 57.984651 -36 27 30.85092  0.000036  0.00106
J052930.0-724528  0530-727  05 29 30.042235 -72 45 28.50731  0.000073  0.00035
J053954.2-283955  0537-286  05 39 54.281429 -28 39 55.94745  0.000036  0.00046
J054138.0-054149  0539-057  05 41 38.083384 -05 41 49.42839  0.000019  0.00046
J054236.1+495107  0538+498  05 42 36.137916  49 51 07.23356  0.000053  0.00054
J054734.1+272156  0544+273  05 47 34.148941  27 21 56.84240  0.000032  0.00043
J055932.0+235353  0556+238  05 59 32.033133  23 53 53.92690  0.000022  0.00032
J061423.8+604621  0609+607  06 14 23.866195  60 46 21.75538  0.000044  0.00034
J062603.0+820225  0615+820  06 26 03.006188  82 02 25.56764  0.000142  0.00030
J063111.9-415426  0629-418  06 31 11.998059 -41 54 26.94611  0.000086  0.00095
J063546.5-751616  0637-752  06 35 46.507934 -75 16 16.81533  0.000071  0.00027
J064204.2+675835  0636+680  06 42 04.257418  67 58 35.62085  0.000053  0.00030
J064632.0+445116  0642+449  06 46 32.025985  44 51 16.59013  0.000024  0.00027
J065024.5-163739  0648-165  06 50 24.581852 -16 37 39.72500  0.000042  0.00070
J071046.1+473211  0707+476  07 10 46.104900  47 32 11.14267  0.000028  0.00029
J072153.4+712036  0716+714  07 21 53.448459  71 20 36.36339  0.000058  0.00028
J072516.8+142513  0722+145  07 25 16.807752  14 25 13.74684  0.000023  0.00046
J072550.6-005456  0723-008  07 25 50.639953 -00 54 56.54438  0.000019  0.00034
J072611.7+791131  0718+792  07 26 11.735177  79 11 31.01624  0.000097  0.00027
J073545.8-173548  0733-174  07 35 45.812508 -17 35 48.50131  0.000061  0.00138
J073856.4-673550  0738-674  07 38 56.496292 -67 35 50.82583  0.000090  0.00052
J074110.7+311200  0738+313  07 41 10.703308  31 12 00.22862  0.000022  0.00029
J074625.8+254902  0743+259  07 46 25.874166  25 49 02.13488  0.000033  0.00066
J074836.1+240024  0745+241  07 48 36.109278  24 00 24.11018  0.000019  0.00028
J075301.3+535259  0749+540  07 53 01.384573  53 52 59.63716  0.000030  0.00027
J075706.6+095634  0754+100  07 57 06.642936  09 56 34.85210  0.000021  0.00034
J080839.6+495036  0804+499  08 08 39.666274  49 50 36.53046  0.000027  0.00026
J080856.6+405244  0805+410  08 08 56.652038  40 52 44.88889  0.000023  0.00027
J081525.9+363515  0812+367  08 15 25.944824  36 35 15.14830  0.000031  0.00046
J082057.4-125859  0818-128  08 20 57.447616 -12 58 59.16949  0.000029  0.00046
J082447.2+555242  0820+560  08 24 47.236351  55 52 42.66938  0.000031  0.00026
J082455.4+391641  0821+394  08 24 55.483865  39 16 41.90430  0.000029  0.00037
J082804.7-373106  0826-373  08 28 04.780268 -37 31 06.28064  0.000051  0.00050
J083148.8+042939  0829+046  08 31 48.876955  04 29 39.08534  0.000026  0.00053
J083223.2+491321  0828+493  08 32 23.216688  49 13 21.03823  0.000031  0.00037
J083454.9+553421  0831+557  08 34 54.903997  55 34 21.07080  0.000097  0.00068
J083639.2-201659  0834-201  08 36 39.215215 -20 16 59.50350  0.000035  0.00071
J083722.4+582501  0833+585  08 37 22.409733  58 25 01.84521  0.000043  0.00031
J084205.0+183540  0839+187  08 42 05.094180  18 35 40.99061  0.000026  0.00048
J085441.9+575729  0850+581  08 54 41.996385  57 57 29.93928  0.000055  0.00044
J090303.9+465104  0859+470  09 03 03.990103  46 51 04.13753  0.000026  0.00028
J091552.4+293324  0912+297  09 15 52.401620  29 33 24.04274  0.000032  0.00057
J092058.4+444153  0917+449  09 20 58.458480  44 41 53.98502  0.000026  0.00030
J092136.2+621552  0917+624  09 21 36.231054  62 15 52.18035  0.000039  0.00027
J094855.3+403944  0945+408  09 48 55.338145  40 39 44.58719  0.000027  0.00033
J095456.8+174331  0952+179  09 54 56.823626  17 43 31.22242  0.000024  0.00053
J095819.6+472507  0955+476  09 58 19.671648  47 25 07.84250  0.000026  0.00026
J095820.9+322402  0955+326  09 58 20.949621  32 24 02.20929  0.000031  0.00047
J095847.2+653354  0954+658  09 58 47.245101  65 33 54.81806  0.000042  0.00026
J101447.0+230116  1012+232  10 14 47.065445  23 01 16.57091  0.000024  0.00039
J102311.5+394815  1020+400  10 23 11.565623  39 48 15.38539  0.000029  0.00036
J103303.7+411606  1030+415  10 33 03.707841  41 16 06.23297  0.000042  0.00044
J103502.1-201134  1032-199  10 35 02.155274 -20 11 34.35975  0.000050  0.00048
J104117.1+061016  1038+064  10 41 17.162504  06 10 16.92378  0.000020  0.00035
J104146.7+523328  1038+528  10 41 46.781639  52 33 28.23127  0.000029  0.00028
J104148.8+523355  1038+529  10 41 48.897638  52 33 55.60790  0.000073  0.00056
J104244.6+120331  1040+123  10 42 44.605212  12 03 31.26407  0.000024  0.00040
J104423.0+805439  1039+811  10 44 23.062554  80 54 39.44303  0.000117  0.00027
J105148.7+211952  1049+215  10 51 48.789073  21 19 52.31411  0.000020  0.00030
J105811.5+811432  1053+815  10 58 11.535365  81 14 32.67521  0.000118  0.00027
J105843.3-800354  1057-797  10 58 43.309786 -80 03 54.15949  0.000106  0.00027
J111358.6+144226  1111+149  11 13 58.695097  14 42 26.95262  0.000023  0.00042
J111857.3+123441  1116+128  11 18 57.301443  12 34 41.71806  0.000018  0.00031
J113053.2+381518  1128+385  11 30 53.282612  38 15 18.54707  0.000022  0.00026
J113320.0+004052  1130+009  11 33 20.055797  00 40 52.83720  0.000022  0.00051
J114608.1-244732  1143-245  11 46 08.103374 -24 47 32.89681  0.000080  0.00068
J115019.2+241753  1147+245  11 50 19.212173  24 17 53.83503  0.000045  0.00063
J115113.4-672811  1148-671  11 51 13.426591 -67 28 11.09423  0.000088  0.00059
J115312.4+805829  1150+812  11 53 12.499130  80 58 29.15451  0.000114  0.00027
J115324.4+493108  1150+497  11 53 24.466626  49 31 08.83014  0.000036  0.00037
J115825.7+245017  1155+251  11 58 25.787505  24 50 17.96369  0.000037  0.00060
J121555.6+344815  1213+350  12 15 55.601049  34 48 15.22053  0.000027  0.00035
J121752.0+300700  1215+303  12 17 52.081987  30 07 00.63625  0.000030  0.00054
J121906.4+482956  1216+487  12 19 06.414733  48 29 56.16497  0.000032  0.00032
J122222.5+041315  1219+044  12 22 22.549618  04 13 15.77630  0.000017  0.00026
J122340.4+804004  1221+809  12 23 40.493698  80 40 04.34031  0.000123  0.00030
J122847.4+370612  1226+373  12 28 47.423662  37 06 12.09578  0.000027  0.00032
J123924.5+073017  1236+077  12 39 24.588312  07 30 17.18909  0.000021  0.00042
J123946.6-684530  1236-684  12 39 46.651396 -68 45 30.89260  0.000155  0.00100
J125438.2+114105  1252+119  12 54 38.255601  11 41 05.89507  0.000019  0.00032
J125459.9-713818  1251-713  12 54 59.921421 -71 38 18.43664  0.000066  0.00032
J130020.9+141718  1257+145  13 00 20.918799  14 17 18.53107  0.000038  0.00063
J131028.6+322043  1308+326  13 10 28.663845  32 20 43.78295  0.000020  0.00026
J132700.8+221050  1324+224  13 27 00.861311  22 10 50.16306  0.000020  0.00031
J134345.9+660225  1342+662  13 43 45.959534  66 02 25.74503  0.000059  0.00035
J134408.6+660611  1342+663  13 44 08.679674  66 06 11.64381  0.000047  0.00029
J134934.6+534117  1347+539  13 49 34.656623  53 41 17.04028  0.000034  0.00032
J141908.1+062834  1416+067  14 19 08.180173  06 28 34.80349  0.000083  0.00129
J141946.5+542314  1418+546  14 19 46.597401  54 23 14.78721  0.000031  0.00027
J143645.8+633637  1435+638  14 36 45.802138  63 36 37.86658  0.000048  0.00033
J144516.4+095836  1442+101  14 45 16.465213  09 58 36.07244  0.000027  0.00040
J144815.0-162024  1445-161  14 48 15.054162 -16 20 24.54888  0.000030  0.00043
J144828.7+760111  1448+762  14 48 28.778877  76 01 11.59717  0.000176  0.00045
J150048.6+475115  1459+480  15 00 48.654199  47 51 15.53826  0.000034  0.00038
J150609.5+373051  1504+377  15 06 09.529958  37 30 51.13241  0.000024  0.00029
J151656.7+193212  1514+197  15 16 56.796194  19 32 12.99187  0.000026  0.00049
J153452.4+013104  1532+016  15 34 52.453675  01 31 04.20657  0.000020  0.00049
J154049.4+144745  1538+149  15 40 49.491511  14 47 45.88485  0.000019  0.00030
J154917.4+503805  1547+507  15 49 17.468534  50 38 05.78820  0.000035  0.00036
J155658.8-791404  1549-790  15 56 58.869899 -79 14 04.28134  0.000111  0.00032
J160207.2+332653  1600+335  16 02 07.263468  33 26 53.07267  0.000027  0.00053
J160734.7-333108  1604-333  16 07 34.762344 -33 31 08.91313  0.000047  0.00048
J160846.2+102907  1606+106  16 08 46.203179  10 29 07.77585  0.000017  0.00026
J161903.6+061302  1616+063  16 19 03.687684  06 13 02.24357  0.000028  0.00067
J162418.4-680912  1619-680  16 24 18.437150 -68 09 12.49811  0.000071  0.00057
J162557.6+413440  1624+416  16 25 57.669700  41 34 40.62922  0.000026  0.00031
J163813.4+572023  1637+574  16 38 13.456293  57 20 23.97918  0.000032  0.00027
J164207.8+685639  1642+690  16 42 07.848514  68 56 39.75640  0.000050  0.00027
J165801.4+344328  1656+348  16 58 01.419204  34 43 28.40240  0.000048  0.00058
J170734.4+014845  1705+018  17 07 34.415277  01 48 45.69923  0.000019  0.00031
J170934.3-172853  1706-174  17 09 34.345380 -17 28 53.36480  0.000039  0.00056
J172341.0-650036  1718-649  17 23 41.029765 -65 00 36.61518  0.000092  0.00106
J172727.6+453039  1726+455  17 27 27.650808  45 30 39.73139  0.000024  0.00026
J172818.6+501310  1727+502  17 28 18.623853  50 13 10.47001  0.000140  0.00098
J172824.9+042704  1725+044  17 28 24.952716  04 27 04.91401  0.000020  0.00041
J174535.2+172001  1743+173  17 45 35.208181  17 20 01.42341  0.000018  0.00030
J174614.0+622654  1745+624  17 46 14.034146  62 26 54.73842  0.000038  0.00027
J174832.8+700550  1749+701  17 48 32.840231  70 05 50.76882  0.000077  0.00037
J175322.6+440945  1751+441  17 53 22.647901  44 09 45.68608  0.000032  0.00033
J180132.3+440421  1800+440  18 01 32.314854  44 04 21.90031  0.000036  0.00046
J180323.4-650736  1758-651  18 03 23.496605 -65 07 36.76177  0.000085  0.00054
J182407.0+565101  1823+568  18 24 07.068372  56 51 01.49088  0.000033  0.00028
J183250.1+283335  1830+285  18 32 50.185631  28 33 35.95530  0.000035  0.00065
J184208.9+794617  1845+797  18 42 08.989953  79 46 17.12801  0.000137  0.00036
J184233.6+680925  1842+681  18 42 33.641636  68 09 25.22788  0.000061  0.00034
J184916.0+670541  1849+670  18 49 16.072300  67 05 41.67993  0.000048  0.00028
J185457.2+735119  1856+737  18 54 57.299946  73 51 19.90747  0.000094  0.00043
J191240.0-801005  1903-802  19 12 40.019176 -80 10 05.94627  0.000169  0.00041
J195542.7+513148  1954+513  19 55 42.738273  51 31 48.54623  0.000028  0.00027
J195759.8-384506  1954-388  19 57 59.819271 -38 45 06.35626  0.000025  0.00039
J200324.1-325145  2000-330  20 03 24.116306 -32 51 45.13231  0.000040  0.00068
J201114.2-064403  2008-068  20 11 14.215847 -06 44 03.55519  0.000050  0.00063
J201713.0+744047  2017+745  20 17 13.079311  74 40 47.99991  0.000072  0.00028
J202319.0+315302  2021+317  20 23 19.017351  31 53 02.30595  0.000022  0.00031
J203147.9+545503  2030+547  20 31 47.958562  54 55 03.14060  0.000042  0.00051
J203154.9+121941  2029+121  20 31 54.994279  12 19 41.34043  0.000019  0.00034
J203837.0+511912  2037+511  20 38 37.034755  51 19 12.66269  0.000028  0.00027
J205051.1+312727  2048+312  20 50 51.131502  31 27 27.37368  0.000108  0.00090
J205133.7+744140  2051+745  20 51 33.734576  74 41 40.49823  0.000110  0.00038
J205616.3-471447  2052-474  20 56 16.359851 -47 14 47.62768  0.000033  0.00043
J210138.8+034131  2059+034  21 01 38.834187  03 41 31.32159  0.000026  0.00058
J210544.9-782534  2059-786  21 05 44.961453 -78 25 34.54664  0.000205  0.00058
J210933.1-411020  2106-413  21 09 33.188582 -41 10 20.60530  0.000032  0.00042
J211529.4+293338  2113+293  21 15 29.413455  29 33 38.36694  0.000020  0.00028
J211630.8-805355  2109-811  21 16 30.845958 -80 53 55.22339  0.000180  0.00039
J213901.3+142335  2136+141  21 39 01.309267  14 23 35.99199  0.000018  0.00029
J214622.9-152543  2143-156  21 46 22.979340 -15 25 43.88526  0.000028  0.00044
J214805.4+065738  2145+067  21 48 05.458679  06 57 38.60422  0.000023  0.00026
J215203.1-780706  2146-783  21 52 03.154504 -78 07 06.63962  0.000221  0.00063
J215224.8+173437  2150+173  21 52 24.819405  17 34 37.79482  0.000020  0.00039
J220743.7-534633  2204-540  22 07 43.733296 -53 46 33.82004  0.000045  0.00056
J221205.9+235540  2209+236  22 12 05.966318  23 55 40.54388  0.000023  0.00039
J223036.4+694628  2229+695  22 30 36.469725  69 46 28.07698  0.000071  0.00034
J223513.2-483558  2232-488  22 35 13.236524 -48 35 58.79455  0.000049  0.00065
J225717.3+074312  2254+074  22 57 17.303120  07 43 12.30284  0.000023  0.00052
J231448.5-313839  2312-319  23 14 48.500631 -31 38 39.52651  0.000050  0.00103
J232159.8+273246  2319+272  23 21 59.862235  27 32 46.44343  0.000021  0.00033
J232225.9+505751  2320+506  23 22 25.982159  50 57 51.96371  0.000041  0.00044
J232917.7-473019  2326-477  23 29 17.704369 -47 30 19.11519  0.000039  0.00053
J233138.6-155657  2329-162  23 31 38.652436 -15 56 57.00952  0.000039  0.00051
J233159.4-381147  2329-384  23 31 59.476115 -38 11 47.65053  0.000042  0.00066


TABLE 4: COORDINATES OF THE 294 CANDIDATE SOURCES IN THE ICRF

DESIGNATION	  SOURCE    alpha (J2000.0)  delta (J2000.0) err_RA    err_Dec
							     s         arcsec

J000435.6-473619  0002-478  00 04 35.655596 -47 36 19.60356  0.000079  0.00097
J000613.8-062335  0003-066  00 06 13.892887 -06 23 35.33485  0.000019  0.00034
J001052.5-415310  0008-421  00 10 52.519641 -41 53 10.78780  0.000652  0.00728
J001101.2-261233  0008-264  00 11 01.246752 -26 12 33.37686  0.000035  0.00040
J001611.0-001512  0013-005  00 16 11.088555 -00 15 12.44534  0.000020  0.00037
J002442.9-420203  0022-423  00 24 42.989850 -42 02 03.94978  0.000250  0.00222
J003824.8+413706  0035+413  00 38 24.843613  41 37 06.00069  0.000053  0.00066
J005846.5-565911  0056-572  00 58 46.581252 -56 59 11.47054  0.000084  0.00113
J005905.5+000651  0056-001  00 59 05.514949  00 06 51.62203  0.000033  0.00093
J011137.3+390628  0108+388  01 11 37.316975  39 06 28.10422  0.000030  0.00035
J011327.0+494824  0110+495  01 13 27.006813  49 48 24.04351  0.000055  0.00060
J011343.1+022217  0111+021  01 13 43.144954  02 22 17.31631  0.000023  0.00038
J011517.0-012704  0112-017  01 15 17.099966 -01 27 04.57725  0.000018  0.00031
J011935.0+321050  0116+319  01 19 35.000523  32 10 50.05410  0.001257  0.00806
J012031.6-270124  0118-272  01 20 31.663311 -27 01 24.65133  0.000124  0.00112
J012141.5+114950  0119+115  01 21 41.595041  11 49 50.41319  0.000018  0.00030
J012156.8+042224  0119+041  01 21 56.861698  04 22 24.73438  0.000017  0.00026
J014922.3+055553  0146+056  01 49 22.370918  05 55 53.56852  0.000022  0.00035
J015002.6-072548  0147-076  01 50 02.697551 -07 25 48.49067  0.000628  0.00580
J015310.1-331025  0150-334  01 53 10.121676 -33 10 25.86226  0.000063  0.00142
J015456.2+474326  0151+474  01 54 56.289917  47 43 26.53907  0.000049  0.00046
J015537.0-404842  0153-410  01 55 37.059396 -40 48 42.35592  0.000439  0.00283
J020213.6-762003  0202-765  02 02 13.694218 -76 20 03.05655  0.002733  0.00592
J020346.6+113445  0201+113  02 03 46.657063  11 34 45.40956  0.000018  0.00027
J020450.4+151411  0202+149  02 04 50.413908  15 14 11.04337  0.000018  0.00026
J020457.6-170119  0202-172  02 04 57.674364 -17 01 19.84022  0.000031  0.00039
J022428.4+065923  0221+067  02 24 28.428183  06 59 23.34182  0.000019  0.00031
J023145.8+132254  0229+131  02 31 45.894055  13 22 54.71630  0.000017  0.00026
J023752.4+284808  0234+285  02 37 52.405677  28 48 08.99008  0.000019  0.00026
J023945.4-023440  0237-027  02 39 45.472273 -02 34 40.91378  0.000029  0.00077
J023951.2+041621  0237+040  02 39 51.263052  04 16 21.41185  0.000020  0.00036
J024457.6+622806  0241+622  02 44 57.696828  62 28 06.51494  0.000425  0.00185
J025246.1-710435  0252-712  02 52 46.156121 -71 04 35.27541  0.003779  0.02839
J025329.1-544151  0252-549  02 53 29.180453 -54 41 51.43623  0.000055  0.00079
J025334.8+180542  0250+178  02 53 34.882297  18 05 42.52378  0.002758  0.03513
J030230.5+121856  0259+121  03 02 30.546782  12 18 56.75084  0.009783  0.12252
J030642.6+624302  0302+625  03 06 42.659562  62 43 02.02420  0.000065  0.00058
J031155.2-765150  0312-770  03 11 55.250335 -76 51 50.84843  0.000221  0.00067
J031951.2+190131  0317+188  03 19 51.256736  19 01 31.29032  0.000028  0.00048
J033553.9-543025  0334-546  03 35 53.924919 -54 30 25.11446  0.000066  0.00137
J033717.1+013722  0334+014  03 37 17.108822  01 37 22.74287  0.003043  0.01491
J033930.9-014635  0336-019  03 39 30.937785 -01 46 35.80391  0.000017  0.00026
J034423.1+155943  0341+158  03 44 23.172178  15 59 43.36987  0.000039  0.00132
J035721.9-481215  0355-483  03 57 21.917867 -48 12 15.16075  0.000092  0.00221
J040221.2-314725  0400-319  04 02 21.266012 -31 47 25.94544  0.000044  0.00052
J040659.0-382628  0405-385  04 06 59.035298 -38 26 28.04070  0.000189  0.00122
J040748.4-121136  0405-123  04 07 48.430971 -12 11 36.65948  0.000177  0.00123
J040820.3-654509  0407-658  04 08 20.380244 -65 45 09.07841  0.001072  0.00630
J040905.7-123848  0406-127  04 09 05.769741 -12 38 48.14414  0.000029  0.00044
J042356.0+415002  0420+417  04 23 56.009804  41 50 02.71305  0.000029  0.00035
J042747.5+045708  0425+048  04 27 47.570443  04 57 08.32698  0.000111  0.01110
J043221.1-510925  0431-512  04 32 21.178158 -51 09 25.18839  0.000237  0.00323
J044017.1-433308  0438-436  04 40 17.179991 -43 33 08.60397  0.000031  0.00038
J044331.6+344106  0440+345  04 43 31.635194  34 41 06.66403  0.000037  0.00047
J044923.3+633209  0444+634  04 49 23.310440  63 32 09.43451  0.000094  0.00066
J045314.6-280737  0451-282  04 53 14.646803 -28 07 37.32750  0.000100  0.00188
J045550.7-461558  0454-463  04 55 50.772475 -46 15 58.68148  0.000064  0.00271
J050112.8-015914  0458-020  05 01 12.809889 -01 59 14.25619  0.000017  0.00026
J050215.4+060907  0459+060  05 02 15.445934  06 09 07.49448  0.000034  0.00106
J050401.7-604952  0503-608  05 04 01.701356 -60 49 52.53773  0.000252  0.00138
J050927.4+101144  0506+101  05 09 27.457073  10 11 44.60026  0.000065  0.00130
J051349.1-215916  0511-220  05 13 49.114333 -21 59 16.09208  0.000052  0.00140
J051637.7-723707  0517-726  05 16 37.719042 -72 37 07.46573  0.000622  0.00284
J052234.4-610757  0522-611  05 22 34.425537 -61 07 57.13318  0.000069  0.00060
J052531.4-455754  0524-460  05 25 31.400087 -45 57 54.68568  0.000125  0.00164
J053056.4+133155  0528+134  05 30 56.416744  13 31 55.14954  0.000017  0.00026
J053238.9+073243  0529+075  05 32 38.998447  07 32 43.34567  0.000105  0.00111
J053932.0-155030  0537-158  05 39 32.010168 -15 50 30.32097  0.000051  0.00104
J055530.8+394849  0552+398  05 55 30.805608  39 48 49.16500  0.000022  0.00026
J060309.1+174216  0600+177  06 03 09.130274  17 42 16.81064  0.000038  0.00111
J060752.6+672055  0602+673  06 07 52.671683  67 20 55.40986  0.000078  0.00043
J060759.6-083449  0605-085  06 07 59.699234 -08 34 49.97806  0.000019  0.00033
J060940.9-154240  0607-157  06 09 40.949516 -15 42 40.67238  0.000049  0.00140
J061357.6+130645  0611+131  06 13 57.692754  13 06 45.40144  0.000047  0.00117
J061635.9-345616  0614-349  06 16 35.981345 -34 56 16.56410  0.005405  0.03903
J061732.3-363414  0615-365  06 17 32.323936 -36 34 14.80314  0.004648  0.04163
J062331.7-441302  0622-441  06 23 31.786306 -44 13 02.54171  0.000640  0.00450
J062419.0+385648  0620+389  06 24 19.021315  38 56 48.73591  0.000025  0.00033
J063920.9-334600  0637-337  06 39 20.904728 -33 46 00.11360  0.000095  0.00117
J064524.0+212151  0642+214  06 45 24.099488  21 21 51.20191  0.000034  0.00054
J064814.0-304419  0646-306  06 48 14.096463 -30 44 19.65964  0.000035  0.00041
J064848.4-473427  0647-475  06 48 48.452021 -47 34 27.18600  0.005321  0.02110
J065358.2+370540  0650+371  06 53 58.282844  37 05 40.60649  0.000035  0.00052
J070001.5+170921  0657+172  07 00 01.525540  17 09 21.70163  0.000018  0.00027
J070134.5-463436  0700-465  07 01 34.547145 -46 34 36.62034  0.000469  0.00392
J072905.4-363945  0727-365  07 29 05.425027 -36 39 45.29030  0.054838  0.28833
J073816.9-332212  0736-332  07 38 16.949145 -33 22 12.77740  0.000305  0.00193
J073918.0+013704  0736+017  07 39 18.033894  01 37 04.61797  0.000020  0.00035
J074202.7+490015  0738+491  07 42 02.748951  49 00 15.60912  0.000042  0.00039
J074331.6-672625  0743-673  07 43 31.611506 -67 26 25.54618  0.001087  0.06235
J075052.0+123104  0748+126  07 50 52.045731  12 31 04.82823  0.000019  0.00030
J080815.5-075109  0805-077  08 08 15.536036 -07 51 09.88642  0.000019  0.00032
J081108.8-492943  0809-493  08 11 08.802530 -49 29 43.50928  0.000722  0.00539
J081126.7+014652  0808+019  08 11 26.707322  01 46 52.21998  0.000018  0.00031
J081815.9+422245  0814+425  08 18 15.999611  42 22 45.41498  0.000024  0.00027
J082526.8-501038  0823-500  08 25 26.869117 -50 10 38.48735  0.000227  0.00148
J082538.6+615728  0821+621  08 25 38.612165  61 57 28.57917  0.000111  0.00050
J082550.3+030924  0823+033  08 25 50.338356  03 09 24.52016  0.000017  0.00026
J082601.5-223027  0823-223  08 26 01.572952 -22 30 27.20373  0.000123  0.00278
J083052.0+241059  0827+243  08 30 52.086191  24 10 59.82068  0.000023  0.00037
J083322.3-444138  0831-445  08 33 22.315631 -44 41 38.71463  0.000603  0.00381
J083520.6-451035  0833-450  08 35 20.655289 -45 10 35.15391  0.001715  0.01125
J084124.3+705342  0836+710  08 41 24.365236  70 53 42.17328  0.000117  0.00064
J084127.0-754027  0842-754  08 41 27.034888 -75 40 27.87078  0.002953  0.00740
J085448.8+200630  0851+202  08 54 48.874924  20 06 30.64088  0.000018  0.00026
J090216.8-141530  0859-140  09 02 16.830898 -14 15 30.87530  0.000042  0.00044
J090910.0+012135  0906+015  09 09 10.091601  01 21 35.61770  0.000020  0.00035
J091437.9+024559  0912+029  09 14 37.913439  02 45 59.24629  0.000072  0.00109
J092246.4-395935  0920-397  09 22 46.418275 -39 59 35.06753  0.000035  0.00075
J092314.4+384939  0920+390  09 23 14.452940  38 49 39.91017  0.000025  0.00032
J092751.8-203451  0925-203  09 27 51.824304 -20 34 51.23227  0.000091  0.00626
J093032.5-853359  0936-853  09 30 32.571196 -85 33 59.69200  0.004016  0.00396
J095524.7+690113  0951+692  09 55 24.774751  69 01 13.70255  0.000107  0.00065
J100159.9-443800  0959-443  10 01 59.907283 -44 38 00.60564  0.000549  0.00411
J100614.0-501813  1004-500  10 06 14.009559 -50 18 13.47089  0.001635  0.01727
J101353.4+244916  1011+250  10 13 53.428730  24 49 16.44127  0.000038  0.00069
J101725.8+611627  1014+615  10 17 25.887530  61 16 27.49687  0.000085  0.00053
J102232.7-103744  1020-103  10 22 32.798030 -10 37 44.38842  0.007404  0.02425
J102444.8+191220  1022+194  10 24 44.809595  19 12 20.41526  0.000047  0.00099
J103507.0+562846  1031+567  10 35 07.040181  56 28 46.79673  0.000209  0.00185
J104142.9-474006  1039-474  10 41 42.939703 -47 40 06.52738  0.029517  0.28851
J104455.9+065538  1042+071  10 44 55.911265  06 55 38.26250  0.000035  0.00069
J104827.6+714335  1044+719  10 48 27.619892  71 43 35.93846  0.000056  0.00026
J105104.7-313814  1048-313  10 51 04.777555 -31 38 14.30773  0.000069  0.00058
J105653.6+701145  1053+704  10 56 53.617499  70 11 45.91587  0.000057  0.00029
J110331.5-325116  1101-325  11 03 31.526414 -32 51 16.69195  0.000064  0.00183
J110352.2-535700  1101-536  11 03 52.221670 -53 57 00.69643  0.000033  0.00033
J110427.3+381231  1101+384  11 04 27.313906  38 12 31.79908  0.000039  0.00052
J110712.6-682050  1105-680  11 07 12.694528 -68 20 50.72894  0.000304  0.00163
J111826.9-463415  1116-462  11 18 26.957601 -46 34 15.00140  0.000062  0.00082
J112027.8+142054  1117+146  11 20 27.807269  14 20 54.99422  0.000538  0.00710
J112704.3-185717  1124-186  11 27 04.392428 -18 57 17.44154  0.000019  0.00030
J112813.3+592514  1125+596  11 28 13.340725  59 25 14.80002  0.000118  0.00076
J113007.0-144927  1127-145  11 30 07.052573 -14 49 27.38793  0.000037  0.00114
J113130.5-050019  1128-047  11 31 30.516713 -05 00 19.65713  0.000031  0.00061
J113143.2-581853  1129-580  11 31 43.287417 -58 18 53.44656  0.001192  0.01188
J114701.3-381211  1144-379  11 47 01.370687 -38 12 11.02348  0.000024  0.00030
J114751.5-072441  1145-071  11 47 51.554038 -07 24 41.14107  0.000018  0.00029
J115043.8-002354  1148-001  11 50 43.870784 -00 23 54.20485  0.000024  0.00056
J115912.7-094052  1156-094  11 59 12.711697 -09 40 52.04888  0.000079  0.00322
J115931.8+291443  1156+295  11 59 31.833914  29 14 43.82693  0.000020  0.00026
J120935.2-401613  1206-399  12 09 35.243318 -40 16 13.10027  0.018417  0.02742
J121546.7-173145  1213-172  12 15 46.751764 -17 31 45.40287  0.000043  0.00041
J121806.2-460029  1215-457  12 18 06.252147 -46 00 29.01041  0.001021  0.00776
J122131.6+281358  1219+285  12 21 31.690512  28 13 58.50014  0.000023  0.00034
J122452.4+033050  1222+037  12 24 52.421888  03 30 50.29322  0.000053  0.00195
J122454.3-831310  1221-829  12 24 54.383445 -83 13 10.10523  0.003023  0.00611
J123049.4+122328  1228+126  12 30 49.423381  12 23 28.04390  0.000034  0.00047
J123715.2-504623  1234-504  12 37 15.238939 -50 46 23.17192  0.001450  0.00627
J123943.0-102328  1237-101  12 39 43.061423 -10 23 28.69259  0.000043  0.00064
J123959.4-113722  1237-113  12 39 59.430198 -11 37 22.98492  0.001402  0.01335
J124251.3+375100  1240+381  12 42 51.369079  37 51 00.02510  0.000051  0.00042
J124604.2-073046  1243-072  12 46 04.232116 -07 30 46.57478  0.000027  0.00046
J124646.8-254749  1244-255  12 46 46.802038 -25 47 49.28871  0.000020  0.00029
J125359.5-405930  1251-407  12 53 59.533598 -40 59 30.68936  0.000171  0.00503
J125614.2+565225  1254+571  12 56 14.233964  56 52 25.23721  0.000105  0.00096
J125759.0-315516  1255-316  12 57 59.060767 -31 55 16.85182  0.000025  0.00041
J130533.0-103319  1302-102  13 05 33.015018 -10 33 19.42796  0.000020  0.00033
J130933.9+115424  1307+121  13 09 33.932424  11 54 24.55204  0.000044  0.00076
J131607.9-333859  1313-333  13 16 07.985934 -33 38 59.17236  0.000024  0.00031
J131736.4+342515  1315+346  13 17 36.494181  34 25 15.93257  0.000025  0.00049
J132304.2-445233  1320-446  13 23 04.245804 -44 52 33.85272  0.000623  0.00321
J132527.6-430108  1322-427  13 25 27.615217 -43 01 08.80528  0.000198  0.00161
J132616.5+315409  1323+321  13 26 16.511396  31 54 09.51991  0.000188  0.00199
J133108.2+303032  1328+307  13 31 08.288145  30 30 32.95986  0.000094  0.00119
J133237.5-664650  1329-665  13 32 37.517448 -66 46 50.44682  0.092072  0.94670
J133752.4-650924  1334-649  13 37 52.444609 -65 09 24.89757  0.000798  0.00335
J134022.9+375443  1338+381  13 40 22.951763  37 54 43.83468  0.000111  0.00120
J134733.3+121724  1345+125  13 47 33.361635  12 17 24.24023  0.000028  0.00064
J135256.5-441240  1349-439  13 52 56.534909 -44 12 40.38741  0.000038  0.00066
J135406.8-020603  1351-018  13 54 06.895314 -02 06 03.19053  0.000018  0.00030
J135546.6-632642  1352-632  13 55 46.611660 -63 26 42.57485  0.000518  0.00349
J135711.2-152728  1354-152  13 57 11.244965 -15 27 28.78636  0.000020  0.00031
J135755.3+764321  1357+769  13 57 55.371524  76 43 21.05116  0.000076  0.00026
J135900.1-415252  1355-416  13 59 00.183255 -41 52 52.63210  0.001757  0.01158
J140445.8-013021  1402-012  14 04 45.895486 -01 30 21.94945  0.000122  0.00160
J140501.1+041535  1402+044  14 05 01.119805  04 15 35.81906  0.000018  0.00031
J140856.4-075226  1406-076  14 08 56.481199 -07 52 26.66622  0.000041  0.00043
J141154.8+213423  1409+218  14 11 54.862136  21 34 23.43722  0.000076  0.00209
J141946.6+382148  1417+385  14 19 46.613740  38 21 48.47498  0.000050  0.00054
J141959.2+270625  1417+273  14 19 59.297083  27 06 25.55244  0.000070  0.00166
J142230.3+322310  1420+326  14 22 30.379016  32 23 10.43924  0.000082  0.00579
J142700.3+234800  1424+240  14 27 00.391837  23 48 00.03493  0.000073  0.00149
J143257.6-180135  1430-178  14 32 57.690619 -18 01 35.24845  0.000059  0.00445
J143439.7+195200  1432+200  14 34 39.793350  19 52 00.73552  0.000141  0.00099
J143535.4+301224  1433+304  14 35 35.402170  30 12 24.51975  0.000173  0.00211
J143809.4-220454  1435-218  14 38 09.469411 -22 04 54.74790  0.000081  0.00069
J144553.3-162901  1443-162  14 45 53.376319 -16 29 01.61908  0.000032  0.00046
J145427.4-374733  1451-375  14 54 27.409777 -37 47 33.14437  0.000029  0.00047
J145432.9-401232  1451-400  14 54 32.912346 -40 12 32.51446  0.000029  0.00037
J150506.4+032630  1502+036  15 05 06.477205  03 26 30.81298  0.000032  0.00075
J150704.7-165230  1504-166  15 07 04.786942 -16 52 30.26722  0.000021  0.00032
J151002.9+570243  1508+572  15 10 02.922371  57 02 43.37606  0.000035  0.00030
J151344.8-101200  1511-100  15 13 44.893455 -10 12 00.26452  0.000024  0.00038
J151741.8-242219  1514-241  15 17 41.813134 -24 22 19.47579  0.000026  0.00035
J152237.6-273010  1519-273  15 22 37.675993 -27 30 10.78535  0.000020  0.00029
J154929.4+023701  1546+027  15 49 29.436848  02 37 01.16336  0.000018  0.00032
J155059.1-825806  1540-828  15 50 59.144724 -82 58 06.84194  0.004432  0.00508
J155751.4-000150  1555+001  15 57 51.433965 -00 01 50.41366  0.000018  0.00030
J155821.9-140959  1555-140  15 58 21.949635 -14 09 59.07210  0.001209  0.01638
J155930.9+030448  1557+032  15 59 30.972613  03 04 48.25682  0.000029  0.00040
J160140.4+431647  1600+432  16 01 40.443935  43 16 47.75702  0.000164  0.00210
J160140.5+431646  1600+431  16 01 40.515432  43 16 46.47617  0.000161  0.00471
J160431.0-444131  1600-445  16 04 31.020029 -44 41 31.95353  0.042414  0.65519
J161341.0+341247  1611+343  16 13 41.064250  34 12 47.90905  0.000021  0.00026
J161637.5+045932  1614+051  16 16 37.556818  04 59 32.73653  0.000018  0.00030
J162606.0-295126  1622-297  16 26 06.020829 -29 51 26.97074  0.000029  0.00038
J165039.5-294346  1647-296  16 50 39.544133 -29 43 46.95469  0.000072  0.00082
J165352.2+394536  1652+398  16 53 52.216693  39 45 36.60877  0.000023  0.00029
J165802.7+473749  1656+477  16 58 02.779637  47 37 49.23143  0.000044  0.00045
J165809.0+074127  1655+077  16 58 09.011473  07 41 27.54050  0.000021  0.00037
J165833.4+051516  1656+053  16 58 33.447346  05 15 16.44429  0.000018  0.00031
J170053.1-261051  1657-261  17 00 53.154046 -26 10 51.72492  0.000024  0.00033
J170717.7+453610  1705+456  17 07 17.753406  45 36 10.55272  0.000069  0.00077
J173315.1-372232  1729-373  17 33 15.192721 -37 22 32.39565  0.000550  0.00354
J173420.5+385751  1732+389  17 34 20.578531  38 57 51.44298  0.000023  0.00029
J173549.0+504911  1734+508  17 35 49.005166  50 49 11.56586  0.000037  0.00042
J173735.7-563403  1733-565  17 37 35.770462 -56 34 03.15477  0.000665  0.00430
J173927.3+495503  1738+499  17 39 27.390512  49 55 03.36831  0.000039  0.00037
J173957.1+473758  1738+476  17 39 57.129064  47 37 58.36131  0.000031  0.00034
J174036.9+521143  1739+522  17 40 36.977847  52 11 43.40753  0.000028  0.00026
J174425.4-514443  1740-517  17 44 25.450704 -51 44 43.79284  0.000633  0.00373
J174726.6+465850  1746+470  17 47 26.647300  46 58 50.92630  0.000036  0.00037
J175132.8+093900  1749+096  17 51 32.818576  09 39 00.72846  0.000017  0.00026
J175151.2-252400  1748-253  17 51 51.263054 -25 24 00.06011  0.000470  0.00503
J180024.7+384830  1758+388  18 00 24.765360  38 48 30.69771  0.000024  0.00029
J180045.6+782804  1803+784  18 00 45.683911  78 28 04.01854  0.000087  0.00026
J180650.6+694928  1807+698  18 06 50.680653  69 49 28.10859  0.000052  0.00027
J180821.8+454220  1806+456  18 08 21.885910  45 42 20.86644  0.000034  0.00040
J180957.8-455241  1806-458  18 09 57.871831 -45 52 41.01367  0.000485  0.00233
J181935.0-634548  1814-637  18 19 35.002525 -63 45 48.19427  0.000794  0.00851
J182057.8-252812  1817-254  18 20 57.848684 -25 28 12.58397  0.000119  0.00104
J182402.8+104423  1821+107  18 24 02.855269  10 44 23.77392  0.000020  0.00036
J183537.2-714958  1829-718  18 35 37.205091 -71 49 58.21900  0.001166  0.00475
J183728.7-710843  1831-711  18 37 28.714952 -71 08 43.55453  0.000064  0.00033
J191109.6-200655  1908-201  19 11 09.652867 -20 06 55.10860  0.000030  0.00091
J192332.1-210433  1920-211  19 23 32.189804 -21 04 33.33284  0.000024  0.00035
J192559.6+210626  1923+210  19 25 59.605374  21 06 26.16209  0.000019  0.00028
J192840.8+084848  1926+087  19 28 40.855498  08 48 48.41260  0.000075  0.00258
J193006.1-605609  1925-610  19 30 06.160015 -60 56 09.18402  0.000082  0.00098
J193124.9+224331  1929+226  19 31 24.916786  22 43 31.25884  0.000029  0.00050
J193435.0+104340  1932+106  19 34 35.025577  10 43 40.36503  0.000050  0.00173
J193510.4+203154  1932+204  19 35 10.472891  20 31 54.15344  0.000041  0.00137
J193716.2-395801  1933-400  19 37 16.217368 -39 58 01.55290  0.000034  0.00046
J193925.0-634245  1934-638  19 39 25.026661 -63 42 45.62554  0.000430  0.00187
J193926.6-152543  1936-155  19 39 26.657726 -15 25 43.05792  0.000029  0.00108
J193957.2-100241  1937-101  19 39 57.256570 -10 02 41.52067  0.000027  0.00096
J194121.7-621121  1936-623  19 41 21.768473 -62 11 21.05558  0.000753  0.00583
J194606.2+230004  1943+228  19 46 06.251939  23 00 04.41107  0.000518  0.00620
J195330.8+353759  1951+355  19 53 30.875733  35 37 59.36071  0.000073  0.00207
J195740.5+333827  1955+335  19 57 40.550036  33 38 27.94555  0.000099  0.00148
J200925.3-484953  2005-489  20 09 25.390729 -48 49 53.72128  0.000643  0.00737
J202510.8+334300  2023+335  20 25 10.842102  33 43 00.21600  0.000142  0.00193
J204008.7-250746  2037-253  20 40 08.772845 -25 07 46.66253  0.000060  0.00056
J205741.6-373402  2054-377  20 57 41.603472 -37 34 02.98978  0.000258  0.00195
J210159.1-421916  2058-425  21 01 59.114188 -42 19 16.16206  0.000936  0.00935
J210217.0+470216  2100+468  21 02 17.056050  47 02 16.25468  0.000181  0.00193
J211810.5-301911  2115-305  21 18 10.597647 -30 19 11.60596  0.000236  0.00247
J212912.1-153841  2126-158  21 29 12.175895 -15 38 41.04054  0.000020  0.00033
J213410.3-015317  2131-021  21 34 10.309614 -01 53 17.23883  0.000018  0.00030
J214710.1+092946  2144+092  21 47 10.162975  09 29 46.67236  0.000020  0.00032
J214712.7-753613  2142-758  21 47 12.730293 -75 36 13.22513  0.000192  0.00060
J215137.8+055212  2149+056  21 51 37.875502  05 52 12.95459  0.000021  0.00034
J215705.9-694123  2152-699  21 57 05.980566 -69 41 23.68553  0.000212  0.00132
J215852.0-301332  2155-304  21 58 52.065068 -30 13 32.11840  0.000354  0.00191
J221302.4-252930  2210-257  22 13 02.498009 -25 29 30.08140  0.000084  0.00201
J221438.5-383545  2211-388  22 14 38.569326 -38 35 45.01022  0.000564  0.00353
J221620.0+351814  2214+350  22 16 20.009936  35 18 14.18072  0.000051  0.00080
J222547.2-045701  2223-052  22 25 47.259294 -04 57 01.39048  0.000019  0.00061
J222940.0-083254  2227-088  22 29 40.084339 -08 32 54.43530  0.000018  0.00062
J223040.2-394252  2227-399  22 30 40.278611 -39 42 52.06692  0.000053  0.00106
J223622.4+282857  2234+282  22 36 22.470868  28 28 57.41338  0.000019  0.00026
J223634.0-143322  2233-148  22 36 34.087158 -14 33 22.18931  0.000055  0.00062
J224838.6-323552  2245-328  22 48 38.685719 -32 35 52.18748  0.000073  0.00161
J225504.2-084404  2252-090  22 55 04.239777 -08 44 04.02151  0.000057  0.00234
J225536.7+420252  2253+417  22 55 36.707842  42 02 52.53256  0.000027  0.00031
J225717.5+024317  2254+024  22 57 17.563086  02 43 17.51193  0.000022  0.00050
J230223.8-371806  2259-375  23 02 23.888469 -37 18 06.84027  0.008831  0.06321
J230305.8-303011  2300-307  23 03 05.821287 -30 30 11.47289  0.021640  0.03255
J230343.5-680737  2300-683  23 03 43.565673 -68 07 37.45706  0.035391  0.45061
J231409.3-445549  2311-452  23 14 09.382823 -44 55 49.23782  0.000320  0.00259
J232044.8+051349  2318+049  23 20 44.856618  05 13 49.95245  0.000019  0.00032
J232331.9-031705  2320-035  23 23 31.953753 -03 17 05.02363  0.000018  0.00040
J232747.9-144755  2325-150  23 27 47.964255 -14 47 55.75021  0.000051  0.00102
J233040.8+110018  2328+107  23 30 40.852252  11 00 18.70971  0.000020  0.00032
J233355.2-234340  2331-240  23 33 55.237802 -23 43 40.65782  0.000080  0.00233
J233612.1-523621  2333-528  23 36 12.144624 -52 36 21.94997  0.000534  0.00372
J233757.3-023057  2335-027  23 37 57.339083 -02 30 57.62923  0.000096  0.00784
J234636.8+093045  2344+092  23 46 36.838560  09 30 45.51493  0.000020  0.00032
J235430.1-151311  2351-154  23 54 30.195186 -15 13 11.21285  0.000103  0.00538
J235600.6-682003  2353-686  23 56 00.681458 -68 20 03.47158  0.000103  0.00056
J235753.2-531113  2355-534  23 57 53.266123 -53 11 13.68933  0.000040  0.00048
J235810.8-102008  2355-106  23 58 10.882414 -10 20 08.61132  0.000018  0.00028
J235933.1+385042  2356+385  23 59 33.180777  38 50 42.31796  0.000085  0.00144


TABLE 5: COORDINATES OF THE 102 "OTHER" SOURCES IN THE ICRF

DESIGNATION	  SOURCE    alpha (J2000.0)  delta (J2000.0) err_RA    err_Dec
							     s         arcsec

J001945.7+732730  0016+731  00 19 45.786433  73 27 30.01751  0.000093  0.00039
J002232.4+060804  0019+058  00 22 32.441263  06 08 04.26943  0.000172  0.00351
J002914.2+345632  0026+346  00 29 14.242502  34 56 32.24702  0.000312  0.00248
J005041.3-092905  0048-097  00 50 41.317392 -09 29 05.21022  0.000037  0.00090
J010245.7+582411  0059+581  01 02 45.762387  58 24 11.13669  0.000046  0.00038
J010645.1-403419  0104-408  01 06 45.107969 -40 34 19.96036  0.000150  0.00259
J010838.7+013500  0106+013  01 08 38.771070  01 35 00.31714  0.000079  0.00214
J011612.5-113615  0113-118  01 16 12.521959 -11 36 15.43371  0.000103  0.00293
J013741.2+330935  0134+329  01 37 41.299454  33 09 35.13378  0.000194  0.00650
J021046.2-510101  0208-512  02 10 46.200412 -51 01 01.89187  0.000105  0.00128
J021730.8+734932  0212+735  02 17 30.813365  73 49 32.62180  0.000118  0.00049
J024008.1-230915  0237-233  02 40 08.174536 -23 09 15.73288  0.000407  0.00752
J024104.7-081520  0238-084  02 41 04.798520 -08 15 20.75174  0.000056  0.00290
J030335.2+471616  0300+470  03 03 35.242225  47 16 16.27549  0.000047  0.00057
J031948.1+413042  0316+413  03 19 48.160106  41 30 42.10328  0.000182  0.00380
J032153.1+122113  0319+121  03 21 53.103501  12 21 13.95380  0.000068  0.00148
J032957.6+275615  0326+277  03 29 57.669425  27 56 15.49901  0.000138  0.00210
J033413.6-400825  0332-403  03 34 13.654484 -40 08 25.39779  0.000142  0.00163
J033630.1+321829  0333+321  03 36 30.107611  32 18 29.34237  0.000068  0.00117
J034035.6-211931  0338-214  03 40 35.607839 -21 19 31.17150  0.000097  0.00072
J035929.7+505750  0355+508  03 59 29.747263  50 57 50.16149  0.000146  0.00142
J040353.7-360501  0402-362  04 03 53.749905 -36 05 01.91299  0.000142  0.00247
J040534.0-130813  0403-132  04 05 34.003421 -13 08 13.69129  0.000052  0.00149
J040820.3+303230  0405+304  04 08 20.377574  30 32 30.49043  0.000201  0.00512
J042315.8-012033  0420-014  04 23 15.800726 -01 20 33.06524  0.000051  0.00116
J043311.0+052115  0430+052  04 33 11.095560  05 21 15.61961  0.000117  0.00261
J043701.4-184448  0434-188  04 37 01.482726 -18 44 48.61337  0.000095  0.00212
J045703.1-232452  0454-234  04 57 03.179223 -23 24 52.01989  0.000065  0.00158
J050321.1+020304  0500+019  05 03 21.197194  02 03 04.67555  0.000097  0.00328
J053007.9-250329  0528-250  05 30 07.962815 -25 03 29.89975  0.000113  0.00122
J053850.3-440508  0537-441  05 38 50.361540 -44 05 08.93895  0.000126  0.00216
J053942.3+143345  0536+145  05 39 42.365997  14 33 45.56181  0.000061  0.00286
J071338.1+434917  0710+439  07 13 38.164136  43 49 17.20702  0.000120  0.00272
J071424.8+353439  0711+356  07 14 24.817575  35 34 39.79350  0.000131  0.00223
J073019.1-114112  0727-115  07 30 19.112468 -11 41 12.60041  0.000043  0.00105
J073807.3+174218  0735+178  07 38 07.393745  17 42 18.99829  0.000039  0.00056
J074533.0+101112  0742+103  07 45 33.059509  10 11 12.69254  0.000049  0.00108
J074554.0-004417  0743-006  07 45 54.082299 -00 44 17.53921  0.000105  0.00284
J092129.3-261843  0919-260  09 21 29.353871 -26 18 43.38615  0.000128  0.00339
J092703.0+390220  0923+392  09 27 03.013906  39 02 20.85196  0.000042  0.00047
J095533.1+690355  0951+693  09 55 33.173011  69 03 55.06104  0.000215  0.00089
J095649.8+251516  0953+254  09 56 49.875356  25 15 16.04963  0.000043  0.00060
J100741.4+135629  1004+141  10 07 41.498082  13 56 29.60073  0.000050  0.00104
J102429.5-005255  1021-006  10 24 29.586611 -00 52 55.49786  0.000119  0.00244
J103716.0-293402  1034-293  10 37 16.079728 -29 34 02.81318  0.000107  0.00242
J104806.6-190935  1045-188  10 48 06.620574 -19 09 35.72656  0.000084  0.00173
J105829.6+013358  1055+018  10 58 29.605209  01 33 58.82372  0.000052  0.00182
J110708.6-444907  1104-445  11 07 08.694143 -44 49 07.61841  0.000152  0.00247
J112553.7+261019  1123+264  11 25 53.711931  26 10 19.97862  0.000067  0.00112
J114658.2+395834  1144+402  11 46 58.297906  39 58 34.30461  0.000078  0.00116
J122906.6+020308  1226+023  12 29 06.699728  02 03 08.59824  0.000119  0.00284
J125611.1-054721  1253-055  12 56 11.166507 -05 47 21.52481  0.000111  0.00300
J130252.4+574837  1300+580  13 02 52.465276  57 48 37.60941  0.000069  0.00075
J133739.7-125724  1334-127  13 37 39.782777 -12 57 24.69308  0.000054  0.00130
J135704.4+191907  1354+195  13 57 04.436658  19 19 07.37228  0.000057  0.00131
J140700.3+282714  1404+286  14 07 00.394410  28 27 14.68993  0.000051  0.00111
J141558.8+132023  1413+135  14 15 58.817491  13 20 23.71254  0.000088  0.00260
J142756.2-420619  1424-418  14 27 56.297557 -42 06 19.43749  0.000165  0.00285
J145907.5+714019  1458+718  14 59 07.583954  71 40 19.86799  0.000188  0.00092
J150424.9+102939  1502+106  15 04 24.979782  10 29 39.19865  0.000050  0.00137
J151250.5-090559  1510-089  15 12 50.532937 -09 05 59.82948  0.000064  0.00181
J155035.2+052710  1548+056  15 50 35.269244  05 27 10.44822  0.000046  0.00103
J160913.3+264129  1607+268  16 09 13.320772  26 41 29.03661  0.000091  0.00206
J161749.2-771718  1610-771  16 17 49.276341 -77 17 18.46743  0.000239  0.00092
J162546.8-252738  1622-253  16 25 46.891640 -25 27 38.32671  0.000081  0.00205
J163515.4+380804  1633+382  16 35 15.492972  38 08 04.50061  0.000061  0.00069
J164029.6+394646  1638+398  16 40 29.632774  39 46 46.02854  0.000031  0.00039
J164258.8+394836  1641+399  16 42 58.809950  39 48 36.99399  0.000091  0.00104
J171913.0+174506  1717+178  17 19 13.048474  17 45 06.43699  0.000065  0.00147
J173302.7-130449  1730-130  17 33 02.705785 -13 04 49.54820  0.000089  0.00250
J174358.8-035004  1741-038  17 43 58.856142 -03 50 04.61667  0.000037  0.00084
J175342.4+284804  1751+288  17 53 42.473634  28 48 04.93913  0.000066  0.00147
J181945.3-552120  1815-553  18 19 45.399520 -55 21 20.74557  0.000198  0.00196
J182314.1+793849  1826+796  18 23 14.108739  79 38 49.00270  0.000383  0.00122
J190255.9+315941  1901+319  19 02 55.938891  31 59 41.70211  0.000070  0.00114
J192451.0-291430  1921-293  19 24 51.055959 -29 14 30.12084  0.000084  0.00217
J192748.4+735801  1928+738  19 27 48.495214  73 58 01.56997  0.000181  0.00081
J194025.5-690756  1935-692  19 40 25.528136 -69 07 56.97209  0.000340  0.00189
J195510.7-611519  1950-613  19 55 10.770607 -61 15 19.14003  0.000792  0.00365
J200057.0-174857  1958-179  20 00 57.090449 -17 48 57.67236  0.000069  0.00185
J200530.9+775243  2007+777  20 05 30.998513  77 52 43.24766  0.000146  0.00039
J200617.6+642445  2005+642  20 06 17.694616  64 24 45.41805  0.000133  0.00035
J200744.9+402948  2005+403  20 07 44.944909  40 29 48.60472  0.000355  0.00489
J201115.7-154640  2008-159  20 11 15.710887 -15 46 40.25296  0.000144  0.00507
J202206.6+613658  2021+614  20 22 06.681695  61 36 58.80479  0.000123  0.00124
J212344.5+053522  2121+053  21 23 44.517381  05 35 22.09321  0.000063  0.00110
J213032.8+050217  2128+048  21 30 32.877495  05 02 17.47450  0.000268  0.00328
J213135.2-120704  2128-123  21 31 35.261752 -12 07 04.79583  0.000068  0.00168
J213638.5+004154  2134+004  21 36 38.586304  00 41 54.21353  0.000115  0.00333
J215155.5-302753  2149-307  21 51 55.524002 -30 27 53.69786  0.000078  0.00154
J215806.2-150109  2155-152  21 58 06.281926 -15 01 09.32725  0.000186  0.00303
J220243.2+421639  2200+420  22 02 43.291381  42 16 39.97998  0.000066  0.00087
J220314.9+314538  2201+315  22 03 14.975796  31 45 38.27004  0.000034  0.00053
J221852.0-033536  2216-038  22 18 52.037725 -03 35 36.87944  0.000056  0.00152
J223236.4+114350  2230+114  22 32 36.408913  11 43 50.90434  0.000079  0.00202
J224618.2-120651  2243-123  22 46 18.231969 -12 06 51.27684  0.000051  0.00124
J225357.7+160853  2251+158  22 53 57.747938  16 08 53.56088  0.000079  0.00137
J225805.9-275821  2255-282  22 58 05.962888 -27 58 21.25659  0.000088  0.00240
J234029.0+264156  2337+264  23 40 29.029471  26 41 56.80428  0.000095  0.00106
J234802.6-163112  2345-167  23 48 02.608517 -16 31 12.02167  0.000139  0.00287
J235421.6+455304  2351+456  23 54 21.680275  45 53 04.23669  0.000096  0.00127
J235509.4+495008  2352+495  23 55 09.458164  49 50 08.34014  0.000208  0.00262
